1,-3.188396,55.944425,200,-3.1886779077862357,55.944322393957,null
2,-3.1886779077862357,55.944322393957,200,-3.1889598155724714,55.944219787914,spoon.invest.every
3,-3.1889598155724714,55.944219787914,200,-3.189241723358707,55.944117181871,null
4,-3.189241723358707,55.944117181871,200,-3.189523631144943,55.944014575828,null
5,-3.189523631144943,55.944014575828,200,-3.1898055389311786,55.943911969785,cliff.asleep.wedge
6,-3.1898055389311786,55.943911969785,200,-3.1900874467174143,55.943809363742,null
7,-3.1900874467174143,55.943809363742,200,-3.19036935450365,55.943706757699,sculpture.shot.melon
8,-3.19036935450365,55.943706757699,200,-3.1906512622898857,55.943604151656,null
9,-3.1906512622898857,55.943604151656,210,-3.1909110699110212,55.943454151656,null
10,-3.1909110699110212,55.943454151656,200,-3.191192977697257,55.943351545613,meal.feed.large
11,-3.191192977697257,55.943351545613,270,-3.191192977697257,55.943051545612995,else.urban.museum
12,-3.191192977697257,55.943051545612995,280,-3.191140883243957,55.94275610328709,along.spill.limp
13,-3.191140883243957,55.94275610328709,20,-3.1908589754577212,55.94285870933009,null
14,-3.1908589754577212,55.94285870933009,20,-3.1905770676714855,55.94296131537309,relate.chill.vest
15,-3.1905770676714855,55.94296131537309,30,-3.19031726005035,55.94311131537309,null
16,-3.19031726005035,55.94311131537309,20,-3.1900353522641143,55.94321392141609,null
17,-3.1900353522641143,55.94321392141609,30,-3.1897755446429787,55.943363921416086,null
18,-3.1897755446429787,55.943363921416086,20,-3.189493636856743,55.94346652745909,null
19,-3.189493636856743,55.94346652745909,30,-3.1892338292356075,55.943616527459085,null
20,-3.1892338292356075,55.943616527459085,20,-3.188951921449372,55.943719133502086,null
21,-3.188951921449372,55.943719133502086,30,-3.1886921138282363,55.94386913350208,null
22,-3.1886921138282363,55.94386913350208,20,-3.1884102060420005,55.943971739545084,rush.crown.link
23,-3.1884102060420005,55.943971739545084,330,-3.188150398420865,55.943821739545086,cubs.trucks.help
24,-3.188150398420865,55.943821739545086,180,-3.188450398420865,55.943821739545086,null
25,-3.188450398420865,55.943821739545086,180,-3.1887503984208654,55.943821739545086,null
26,-3.1887503984208654,55.943821739545086,180,-3.1890503984208656,55.943821739545086,null
27,-3.1890503984208656,55.943821739545086,180,-3.1893503984208658,55.943821739545086,null
28,-3.1893503984208658,55.943821739545086,180,-3.189650398420866,55.943821739545086,null
29,-3.189650398420866,55.943821739545086,180,-3.189950398420866,55.943821739545086,null
30,-3.189950398420866,55.943821739545086,180,-3.1902503984208663,55.943821739545086,null
31,-3.1902503984208663,55.943821739545086,170,-3.19054584074677,55.94387383399839,null
32,-3.19054584074677,55.94387383399839,180,-3.1908458407467704,55.94387383399839,null
33,-3.1908458407467704,55.94387383399839,170,-3.191141283072674,55.94392592845169,spicy.bunch.shady
34,-3.191141283072674,55.94392592845169,80,-3.191089188619374,55.9442213707776,null
35,-3.191089188619374,55.9442213707776,80,-3.191037094166074,55.944516813103505,paying.crowd.weep
36,-3.191037094166074,55.944516813103505,360,-3.190737094166074,55.944516813103505,null
37,-3.190737094166074,55.944516813103505,360,-3.190437094166074,55.944516813103505,null
38,-3.190437094166074,55.944516813103505,360,-3.1901370941660736,55.944516813103505,null
39,-3.1901370941660736,55.944516813103505,360,-3.1898370941660734,55.944516813103505,null
40,-3.1898370941660734,55.944516813103505,360,-3.1895370941660732,55.944516813103505,null
41,-3.1895370941660732,55.944516813103505,360,-3.189237094166073,55.944516813103505,null
42,-3.189237094166073,55.944516813103505,350,-3.188941651840169,55.9444647186502,null
43,-3.188941651840169,55.9444647186502,360,-3.188641651840169,55.9444647186502,null
44,-3.188641651840169,55.9444647186502,350,-3.188346209514265,55.9444126241969,null
45,-3.188346209514265,55.9444126241969,360,-3.188046209514265,55.9444126241969,null
46,-3.188046209514265,55.9444126241969,350,-3.187750767188361,55.9443605297436,thank.salsa.brain
47,-3.187750767188361,55.9443605297436,20,-3.1874688594021254,55.9444631357866,only.fairly.rift
48,-3.1874688594021254,55.9444631357866,310,-3.1872760231192196,55.94423332245366,null
49,-3.1872760231192196,55.94423332245366,320,-3.187046209786284,55.944040486170756,renew.ears.tend
50,-3.187046209786284,55.944040486170756,230,-3.1872390460691897,55.94381067283782,null
51,-3.1872390460691897,55.94381067283782,240,-3.18738904606919,55.943550865216686,shut.stands.media
52,-3.18738904606919,55.943550865216686,190,-3.1876844883950937,55.943498770763384,null
53,-3.1876844883950937,55.943498770763384,190,-3.1879799307209975,55.94344667631008,null
54,-3.1879799307209975,55.94344667631008,180,-3.1882799307209977,55.94344667631008,null
55,-3.1882799307209977,55.94344667631008,190,-3.1885753730469015,55.94339458185678,system.speak.guard
56,-3.1885753730469015,55.94339458185678,260,-3.1886274675002015,55.94309913953087,groups.ideas.script
57,-3.1886274675002015,55.94309913953087,50,-3.1884346312172958,55.94332895286381,null
58,-3.1884346312172958,55.94332895286381,50,-3.18824179493439,55.943558766196745,null
59,-3.18824179493439,55.943558766196745,50,-3.188048958651484,55.94378857952968,null
60,-3.188048958651484,55.94378857952968,50,-3.1878561223685784,55.94401839286262,null
61,-3.1878561223685784,55.94401839286262,50,-3.1876632860856726,55.94424820619555,null
62,-3.1876632860856726,55.94424820619555,40,-3.187433472752737,55.94444104247846,null
63,-3.187433472752737,55.94444104247846,40,-3.187203659419801,55.944633878761366,null
64,-3.187203659419801,55.944633878761366,10,-3.1869082170938974,55.94468597321467,null
65,-3.1869082170938974,55.94468597321467,30,-3.186648409472762,55.944835973214666,null
66,-3.186648409472762,55.944835973214666,20,-3.186366501686526,55.944938579257666,null
67,-3.186366501686526,55.944938579257666,150,-3.1866263093076617,55.945088579257664,dragon.bottle.crisp
68,-3.1866263093076617,55.945088579257664,60,-3.1864763093076616,55.9453483868788,null
69,-3.1864763093076616,55.9453483868788,70,-3.186373703264664,55.94563029466504,posts.kicked.universally
70,-3.186373703264664,55.94563029466504,40,-3.1861438899317283,55.94582313094794,null
71,-3.1861438899317283,55.94582313094794,30,-3.1858840823105927,55.94597313094794,renew.slows.basket
72,-3.1858840823105927,55.94597313094794,320,-3.185654268977657,55.945780294665035,shed.desire.muddy
73,-3.185654268977657,55.945780294665035,250,-3.1857568750206546,55.945498386878796,null
74,-3.1857568750206546,55.945498386878796,250,-3.1858594810636522,55.94521647909256,null
75,-3.1858594810636522,55.94521647909256,260,-3.1859115755169523,55.94492103676665,null
76,-3.1859115755169523,55.94492103676665,250,-3.18601418155995,55.94463912898041,null
77,-3.18601418155995,55.94463912898041,260,-3.18606627601325,55.944343686654506,organs.shape.fantastic
78,-3.18606627601325,55.944343686654506,280,-3.18601418155995,55.9440482443286,teams.mild.played
79,-3.18601418155995,55.9440482443286,350,-3.185718739234046,55.9439961498753,manliness.poem.cliff
80,-3.185718739234046,55.9439961498753,50,-3.1855259029511402,55.94422596320823,null
81,-3.1855259029511402,55.94422596320823,50,-3.1853330666682345,55.94445577654117,acid.chair.butter
82,-3.1853330666682345,55.94445577654117,30,-3.185073259047099,55.94460577654117,null
83,-3.185073259047099,55.94460577654117,40,-3.1848434457141632,55.94479861282407,slide.leads.stores
84,-3.1848434457141632,55.94479861282407,60,-3.184693445714163,55.94505842044521,null
85,-3.184693445714163,55.94505842044521,50,-3.1845006094312573,55.94528823377814,settle.title.united
86,-3.1845006094312573,55.94528823377814,260,-3.1845527038845574,55.944992791452236,null
87,-3.1845527038845574,55.944992791452236,260,-3.1846047983378574,55.94469734912633,null
88,-3.1846047983378574,55.94469734912633,250,-3.184707404380855,55.94441544134009,null
89,-3.184707404380855,55.94441544134009,260,-3.184759498834155,55.944119999014184,null
90,-3.184759498834155,55.944119999014184,250,-3.1848621048771526,55.943838091227946,null
91,-3.1848621048771526,55.943838091227946,260,-3.1849141993304526,55.94354264890204,sentences.sings.modern
92,-3.1849141993304526,55.94354264890204,200,-3.1851961071166883,55.94344004285904,null
93,-3.1851961071166883,55.94344004285904,200,-3.185478014902924,55.94333743681604,null
94,-3.185478014902924,55.94333743681604,200,-3.1857599226891598,55.94323483077304,null
95,-3.1857599226891598,55.94323483077304,200,-3.1860418304753955,55.943132224730036,null
96,-3.1860418304753955,55.943132224730036,210,-3.186301638096531,55.94298222473004,null
97,-3.186301638096531,55.94298222473004,200,-3.1865835458827667,55.94287961868704,null
98,-3.1865835458827667,55.94287961868704,210,-3.1868433535039022,55.94272961868704,strut.river.surely
99,-3.1868433535039022,55.94272961868704,180,-3.1871433535039024,55.94272961868704,null
100,-3.1871433535039024,55.94272961868704,180,-3.1874433535039026,55.94272961868704,null
101,-3.1874433535039026,55.94272961868704,180,-3.187743353503903,55.94272961868704,null
102,-3.187743353503903,55.94272961868704,180,-3.188043353503903,55.94272961868704,null
103,-3.188043353503903,55.94272961868704,180,-3.188343353503903,55.94272961868704,null
104,-3.188343353503903,55.94272961868704,120,-3.1884933535039033,55.94298942630817,null
105,-3.1884933535039033,55.94298942630817,160,-3.188775261290139,55.943092032351174,null
106,-3.188775261290139,55.943092032351174,200,-3.1890571690763747,55.94298942630817,null
107,-3.1890571690763747,55.94298942630817,200,-3.1893390768626104,55.94288682026517,null
108,-3.1893390768626104,55.94288682026517,190,-3.1896345191885143,55.94283472581187,null
109,-3.1896345191885143,55.94283472581187,190,-3.189929961514418,55.94278263135857,null
110,-3.189929961514418,55.94278263135857,200,-3.190211869300654,55.94268002531557,null
111,-3.190211869300654,55.94268002531557,360,-3.1899118693006536,55.94268002531557,hooked.shine.third
112,-3.1899118693006536,55.94268002531557,60,-3.1897618693006535,55.9429398329367,null
113,-3.1897618693006535,55.9429398329367,60,-3.1896118693006534,55.943199640557836,null
114,-3.1896118693006534,55.943199640557836,60,-3.1894618693006533,55.94345944817897,null
115,-3.1894618693006533,55.94345944817897,60,-3.1893118693006532,55.943719255800104,null
116,-3.1893118693006532,55.943719255800104,60,-3.189161869300653,55.94397906342124,null
117,-3.189161869300653,55.94397906342124,60,-3.189011869300653,55.94423887104237,null
118,-3.189011869300653,55.94423887104237,60,-3.188861869300653,55.94449867866351,null
119,-3.188861869300653,55.94449867866351,60,-3.188711869300653,55.94475848628464,null
120,-3.188711869300653,55.94475848628464,60,-3.1885618693006528,55.945018293905775,null
121,-3.1885618693006528,55.945018293905775,60,-3.1884118693006527,55.94527810152691,null
122,-3.1884118693006527,55.94527810152691,70,-3.188309263257655,55.94556000931315,skills.less.herb
123,-3.188309263257655,55.94556000931315,170,-3.188604705583559,55.94561210376645,null
124,-3.188604705583559,55.94561210376645,160,-3.1888866133697946,55.94571470980945,stops.else.chats
125,-3.1888866133697946,55.94571470980945,170,-3.1891820556956985,55.94576680426275,null
126,-3.1891820556956985,55.94576680426275,170,-3.1894774980216023,55.945818898716055,null
127,-3.1894774980216023,55.945818898716055,170,-3.189772940347506,55.94587099316936,null
128,-3.189772940347506,55.94587099316936,180,-3.1900729403475063,55.94587099316936,null
129,-3.1900729403475063,55.94587099316936,170,-3.19036838267341,55.94592308762266,null
130,-3.19036838267341,55.94592308762266,180,-3.1906683826734104,55.94592308762266,null
131,-3.1906683826734104,55.94592308762266,170,-3.190963824999314,55.94597518207596,simple.rust.audio
132,-3.190963824999314,55.94597518207596,330,-3.1907040173781787,55.945825182075964,null
133,-3.1907040173781787,55.945825182075964,330,-3.190444209757043,55.945675182075966,null
134,-3.190444209757043,55.945675182075966,330,-3.1901844021359076,55.94552518207597,null
135,-3.1901844021359076,55.94552518207597,330,-3.189924594514772,55.94537518207597,null
136,-3.189924594514772,55.94537518207597,330,-3.1896647868936365,55.94522518207597,null
137,-3.1896647868936365,55.94522518207597,330,-3.189404979272501,55.945075182075975,null
138,-3.189404979272501,55.945075182075975,330,-3.1891451716513655,55.94492518207598,null
139,-3.1891451716513655,55.94492518207598,330,-3.18888536403023,55.94477518207598,null
140,-3.18888536403023,55.94477518207598,320,-3.1886555506972942,55.94458234579307,null
141,-3.1886555506972942,55.94458234579307,330,-3.1883957430761587,55.944432345793075,null
