1,-3.188396,55.944425,340,-3.1881140922137643,55.944322393957,null
2,-3.1881140922137643,55.944322393957,340,-3.1878321844275286,55.944219787914,thank.salsa.brain
3,-3.1878321844275286,55.944219787914,340,-3.187550276641293,55.944117181871,null
4,-3.187550276641293,55.944117181871,350,-3.187254834315389,55.9440650874177,null
5,-3.187254834315389,55.9440650874177,340,-3.1869729265291533,55.9439624813747,renew.ears.tend
6,-3.1869729265291533,55.9439624813747,180,-3.1872729265291535,55.9439624813747,null
7,-3.1872729265291535,55.9439624813747,180,-3.1875729265291537,55.9439624813747,null
8,-3.1875729265291537,55.9439624813747,180,-3.187872926529154,55.9439624813747,null
9,-3.187872926529154,55.9439624813747,180,-3.188172926529154,55.9439624813747,null
10,-3.188172926529154,55.9439624813747,180,-3.1884729265291543,55.9439624813747,null
11,-3.1884729265291543,55.9439624813747,180,-3.1887729265291545,55.9439624813747,noted.friday.jams
12,-3.1887729265291545,55.9439624813747,150,-3.18903273415029,55.944112481374695,spoon.invest.every
13,-3.18903273415029,55.944112481374695,290,-3.1889301281072924,55.94383057358846,null
14,-3.1889301281072924,55.94383057358846,300,-3.1887801281072923,55.94357076596732,system.speak.guard
15,-3.1887801281072923,55.94357076596732,160,-3.189062035893528,55.94367337201032,null
16,-3.189062035893528,55.94367337201032,170,-3.189357478219432,55.943725466463626,null
17,-3.189357478219432,55.943725466463626,160,-3.1896393860056675,55.943828072506626,burn.spot.across
18,-3.1896393860056675,55.943828072506626,120,-3.1897893860056676,55.94408788012776,cliff.asleep.wedge
19,-3.1897893860056676,55.94408788012776,300,-3.1896393860056675,55.943828072506626,null
20,-3.1896393860056675,55.943828072506626,300,-3.1894893860056674,55.94356826488549,null
21,-3.1894893860056674,55.94356826488549,290,-3.18938677996267,55.943286357099254,rents.cone.stove
22,-3.18938677996267,55.943286357099254,300,-3.1892367799626697,55.94302654947812,region.passes.pencil
23,-3.1892367799626697,55.94302654947812,30,-3.188976972341534,55.94317654947812,null
24,-3.188976972341534,55.94317654947812,30,-3.1887171647203987,55.943326549478115,null
25,-3.1887171647203987,55.943326549478115,30,-3.188457357099263,55.94347654947811,null
26,-3.188457357099263,55.94347654947811,30,-3.1881975494781276,55.94362654947811,null
27,-3.1881975494781276,55.94362654947811,30,-3.187937741856992,55.94377654947811,null
28,-3.187937741856992,55.94377654947811,30,-3.1876779342358565,55.94392654947811,null
29,-3.1876779342358565,55.94392654947811,30,-3.187418126614721,55.944076549478105,null
30,-3.187418126614721,55.944076549478105,30,-3.1871583189935855,55.9442265494781,null
31,-3.1871583189935855,55.9442265494781,-40,-3.18692850566065,55.944033713195196,null
32,-3.18692850566065,55.944033713195196,10,-3.186633063334746,55.9440858076485,null
33,-3.186633063334746,55.9440858076485,0,-3.1863330633347458,55.9440858076485,null
34,-3.1863330633347458,55.9440858076485,80,-3.1862809688814457,55.944381249974406,null
35,-3.1862809688814457,55.944381249974406,30,-3.18602116126031,55.9445312499744,null
36,-3.18602116126031,55.9445312499744,160,-3.186303069046546,55.944633856017404,rated.fired.crowds
37,-3.186303069046546,55.944633856017404,130,-3.1864959053294517,55.94486366935034,laws.merit.bleak
38,-3.1864959053294517,55.94486366935034,300,-3.1863459053294516,55.944603861729206,null
39,-3.1863459053294516,55.944603861729206,180,-3.186645905329452,55.944603861729206,null
40,-3.186645905329452,55.944603861729206,190,-3.1869413476553556,55.944551767275904,null
41,-3.1869413476553556,55.944551767275904,190,-3.1872367899812595,55.9444996728226,null
42,-3.1872367899812595,55.9444996728226,300,-3.1870867899812594,55.94423986520147,null
43,-3.1870867899812594,55.94423986520147,-50,-3.1868939536983536,55.94401005186853,null
44,-3.1868939536983536,55.94401005186853,10,-3.1865985113724498,55.94406214632183,null
45,-3.1865985113724498,55.94406214632183,10,-3.186303069046546,55.944114240775136,null
46,-3.186303069046546,55.944114240775136,30,-3.1860432614254104,55.944264240775134,organs.shape.fantastic
47,-3.1860432614254104,55.944264240775134,290,-3.185940655382413,55.943982332988895,null
48,-3.185940655382413,55.943982332988895,290,-3.185838049339415,55.94370042520266,record.sofa.sock
49,-3.185838049339415,55.94370042520266,240,-3.1859880493394153,55.94344061758152,null
50,-3.1859880493394153,55.94344061758152,230,-3.186180885622321,55.94321080424859,null
51,-3.186180885622321,55.94321080424859,240,-3.186330885622321,55.94295099662745,hers.banks.goat
52,-3.186330885622321,55.94295099662745,20,-3.1860489778360854,55.94305360267045,null
53,-3.1860489778360854,55.94305360267045,20,-3.1857670700498497,55.943156208713454,null
54,-3.1857670700498497,55.943156208713454,20,-3.185485162263614,55.943258814756454,null
55,-3.185485162263614,55.943258814756454,20,-3.1852032544773783,55.943361420799455,null
56,-3.1852032544773783,55.943361420799455,20,-3.1849213466911426,55.943464026842456,sentences.sings.modern
57,-3.1849213466911426,55.943464026842456,60,-3.1847713466911425,55.94372383446359,rider.mile.lime
58,-3.1847713466911425,55.94372383446359,140,-3.185001160024078,55.943916670746496,null
59,-3.185001160024078,55.943916670746496,140,-3.185230973357014,55.9441095070294,null
60,-3.185230973357014,55.9441095070294,140,-3.1854607866899496,55.94430234331231,null
61,-3.1854607866899496,55.94430234331231,140,-3.1856906000228853,55.944495179595215,null
62,-3.1856906000228853,55.944495179595215,140,-3.185920413355821,55.94468801587812,null
63,-3.185920413355821,55.94468801587812,140,-3.1861502266887567,55.94488085216103,null
64,-3.1861502266887567,55.94488085216103,150,-3.1864100343098922,55.945030852161025,null
65,-3.1864100343098922,55.945030852161025,140,-3.186639847642828,55.94522368844393,null
66,-3.186639847642828,55.94522368844393,150,-3.1868996552639635,55.94537368844393,null
67,-3.1868996552639635,55.94537368844393,130,-3.1870924915468692,55.945603501776866,diner.leaves.mutual
68,-3.1870924915468692,55.945603501776866,180,-3.1873924915468694,55.945603501776866,null
69,-3.1873924915468694,55.945603501776866,190,-3.1876879338727733,55.94555140732356,null
70,-3.1876879338727733,55.94555140732356,180,-3.1879879338727735,55.94555140732356,null
71,-3.1879879338727735,55.94555140732356,190,-3.1882833761986773,55.94549931287026,skills.less.herb
72,-3.1882833761986773,55.94549931287026,190,-3.188578818524581,55.94544721841696,null
73,-3.188578818524581,55.94544721841696,180,-3.1888788185245813,55.94544721841696,shady.soft.phones
74,-3.1888788185245813,55.94544721841696,160,-3.189160726310817,55.94554982445996,museum.spicy.horns
75,-3.189160726310817,55.94554982445996,120,-3.189310726310817,55.945809632081094,coherent.saints.stuck
76,-3.189310726310817,55.945809632081094,20,-3.1890288185245814,55.945912238124095,null
77,-3.1890288185245814,55.945912238124095,20,-3.1887469107383457,55.946014844167095,boost.radar.stress
78,-3.1887469107383457,55.946014844167095,200,-3.1890288185245814,55.945912238124095,null
79,-3.1890288185245814,55.945912238124095,200,-3.189310726310817,55.945809632081094,null
80,-3.189310726310817,55.945809632081094,200,-3.189592634097053,55.94570702603809,null
81,-3.189592634097053,55.94570702603809,200,-3.1898745418832886,55.94560441999509,null
82,-3.1898745418832886,55.94560441999509,200,-3.1901564496695243,55.94550181395209,null
83,-3.1901564496695243,55.94550181395209,200,-3.19043835745576,55.94539920790909,jump.crop.fits
84,-3.19043835745576,55.94539920790909,220,-3.1906681707886957,55.945206371626185,null
85,-3.1906681707886957,55.945206371626185,210,-3.1909279784098312,55.94505637162619,shapes.sheep.nature
86,-3.1909279784098312,55.94505637162619,260,-3.1909800728631312,55.94476092930028,null
87,-3.1909800728631312,55.94476092930028,260,-3.1910321673164312,55.94446548697437,paying.crowd.weep
88,-3.1910321673164312,55.94446548697437,130,-3.191225003599337,55.94469530030731,null
89,-3.191225003599337,55.94469530030731,130,-3.191417839882243,55.944925113640245,null
90,-3.191417839882243,55.944925113640245,120,-3.191567839882243,55.94518492126138,hills.feels.tunes
91,-3.191567839882243,55.94518492126138,290,-3.1914652338392453,55.94490301347514,null
92,-3.1914652338392453,55.94490301347514,290,-3.1913626277962477,55.9446211056889,null
93,-3.1913626277962477,55.9446211056889,280,-3.1913105333429477,55.944325663362996,null
94,-3.1913105333429477,55.944325663362996,290,-3.19120792729995,55.94404375557676,null
95,-3.19120792729995,55.94404375557676,280,-3.19115583284665,55.94374831325085,loaf.cheer.slave
96,-3.19115583284665,55.94374831325085,270,-3.19115583284665,55.94344831325085,null
97,-3.19115583284665,55.94344831325085,270,-3.19115583284665,55.943148313250845,else.urban.museum
98,-3.19115583284665,55.943148313250845,350,-3.190860390520746,55.94309621879754,relate.chill.vest
99,-3.190860390520746,55.94309621879754,320,-3.1906305771878105,55.942903382514636,tonic.bliss.cove
100,-3.1906305771878105,55.942903382514636,110,-3.190733183230808,55.943185290300875,null
101,-3.190733183230808,55.943185290300875,110,-3.1908357892738057,55.94346719808711,null
102,-3.1908357892738057,55.94346719808711,110,-3.1909383953168033,55.94374910587335,null
103,-3.1909383953168033,55.94374910587335,110,-3.191041001359801,55.94403101365959,null
104,-3.191041001359801,55.94403101365959,110,-3.1911436074027986,55.94431292144583,null
105,-3.1911436074027986,55.94431292144583,110,-3.191246213445796,55.94459482923207,null
106,-3.191246213445796,55.94459482923207,110,-3.191348819488794,55.944876737018305,null
107,-3.191348819488794,55.944876737018305,120,-3.191498819488794,55.94513654463944,null
108,-3.191498819488794,55.94513654463944,110,-3.1916014255317915,55.94541845242568,null
109,-3.1916014255317915,55.94541845242568,120,-3.1917514255317916,55.94567826004681,null
110,-3.1917514255317916,55.94567826004681,110,-3.191854031574789,55.94596016783305,stone.undulation.poems
111,-3.191854031574789,55.94596016783305,0,-3.191554031574789,55.94596016783305,null
112,-3.191554031574789,55.94596016783305,0,-3.191254031574789,55.94596016783305,simple.rust.audio
113,-3.191254031574789,55.94596016783305,330,-3.1909942239536533,55.94581016783305,null
114,-3.1909942239536533,55.94581016783305,330,-3.1907344163325178,55.945660167833054,null
115,-3.1907344163325178,55.945660167833054,330,-3.190474608711382,55.945510167833056,null
116,-3.190474608711382,55.945510167833056,330,-3.1902148010902467,55.94536016783306,null
117,-3.1902148010902467,55.94536016783306,330,-3.189954993469111,55.94521016783306,null
118,-3.189954993469111,55.94521016783306,330,-3.1896951858479756,55.94506016783306,null
119,-3.1896951858479756,55.94506016783306,330,-3.18943537822684,55.944910167833065,null
120,-3.18943537822684,55.944910167833065,330,-3.1891755706057046,55.94476016783307,null
121,-3.1891755706057046,55.94476016783307,330,-3.188915762984569,55.94461016783307,null
122,-3.188915762984569,55.94461016783307,330,-3.1886559553634335,55.94446016783307,null
123,-3.1886559553634335,55.94446016783307,330,-3.188396147742298,55.94431016783307,null
124,-3.188396147742298,55.94431016783307,330,-3.1881363401211624,55.944160167833076,null
125,-3.1881363401211624,55.944160167833076,320,-3.1879065267882267,55.94396733155017,null
126,-3.1879065267882267,55.94396733155017,330,-3.187646719167091,55.94381733155017,null
127,-3.187646719167091,55.94381733155017,320,-3.1874169058341555,55.943624495267265,shut.stands.media
128,-3.1874169058341555,55.943624495267265,140,-3.187646719167091,55.94381733155017,null
129,-3.187646719167091,55.94381733155017,140,-3.187876532500027,55.94401016783308,null
130,-3.187876532500027,55.94401016783308,140,-3.1881063458329626,55.944203004115984,null
131,-3.1881063458329626,55.944203004115984,140,-3.1883361591658983,55.94439584039889,null
