1,-3.188396,55.944425,110,-3.1884986060429976,55.94470690778624,null
2,-3.1884986060429976,55.94470690778624,110,-3.1886012120859952,55.94498881557248,null
3,-3.1886012120859952,55.94498881557248,110,-3.188703818128993,55.94527072335872,rooms.lamp.teach
4,-3.188703818128993,55.94527072335872,110,-3.1888064241719905,55.945552631144956,stops.else.chats
5,-3.1888064241719905,55.945552631144956,170,-3.1891018664978943,55.94560472559826,null
6,-3.1891018664978943,55.94560472559826,170,-3.189397308823798,55.94565682005156,museum.spicy.horns
7,-3.189397308823798,55.94565682005156,320,-3.1891674954908624,55.945463983768654,null
8,-3.1891674954908624,55.945463983768654,320,-3.1889376821579267,55.94527114748575,null
9,-3.1889376821579267,55.94527114748575,320,-3.188707868824991,55.94507831120284,null
10,-3.188707868824991,55.94507831120284,320,-3.1884780554920553,55.944885474919936,null
11,-3.1884780554920553,55.944885474919936,320,-3.1882482421591196,55.94469263863703,null
12,-3.1882482421591196,55.94469263863703,320,-3.188018428826184,55.94449980235412,null
13,-3.188018428826184,55.94449980235412,320,-3.187788615493248,55.94430696607122,null
14,-3.187788615493248,55.94430696607122,310,-3.1875957792103424,55.94407715273828,bound.ends.matter
15,-3.1875957792103424,55.94407715273828,300,-3.1874457792103423,55.94381734511715,begins.spider.drips
16,-3.1874457792103423,55.94381734511715,80,-3.1873936847570423,55.94411278744305,null
17,-3.1873936847570423,55.94411278744305,80,-3.1873415903037423,55.94440822976896,only.fairly.rift
18,-3.1873415903037423,55.94440822976896,230,-3.187534426586648,55.944178416436024,null
19,-3.187534426586648,55.944178416436024,240,-3.187684426586648,55.94391860881489,null
20,-3.187684426586648,55.94391860881489,230,-3.187877262869554,55.943688795481954,null
21,-3.187877262869554,55.943688795481954,240,-3.188027262869554,55.94342898786082,scare.cubs.resort
22,-3.188027262869554,55.94342898786082,300,-3.187877262869554,55.943169180239686,null
23,-3.187877262869554,55.943169180239686,290,-3.1877746568265564,55.94288727245345,panic.squad.danger
24,-3.1877746568265564,55.94288727245345,360,-3.187474656826556,55.94288727245345,null
25,-3.187474656826556,55.94288727245345,360,-3.187174656826556,55.94288727245345,valve.elaborate.fortunate
26,-3.187174656826556,55.94288727245345,160,-3.1874565646127917,55.94298987849645,null
27,-3.1874565646127917,55.94298987849645,150,-3.1877163722339272,55.943139878496446,null
28,-3.1877163722339272,55.943139878496446,160,-3.187998280020163,55.94324248453945,null
29,-3.187998280020163,55.94324248453945,150,-3.1882580876412985,55.943392484539444,null
30,-3.1882580876412985,55.943392484539444,160,-3.188539995427534,55.943495090582445,null
31,-3.188539995427534,55.943495090582445,150,-3.1887998030486697,55.94364509058244,labels.hotels.alert
32,-3.1887998030486697,55.94364509058244,190,-3.1890952453745736,55.94359299612914,null
33,-3.1890952453745736,55.94359299612914,190,-3.1893906877004774,55.94354090167584,cars.attend.hotels
34,-3.1893906877004774,55.94354090167584,290,-3.18928808165748,55.9432589938896,null
35,-3.18928808165748,55.9432589938896,280,-3.18923598720418,55.94296355156369,region.passes.pencil
36,-3.18923598720418,55.94296355156369,150,-3.1894957948253153,55.94311355156369,null
37,-3.1894957948253153,55.94311355156369,150,-3.189755602446451,55.94326355156369,null
38,-3.189755602446451,55.94326355156369,160,-3.1900375102326866,55.94336615760669,arts.dish.scarcely
39,-3.1900375102326866,55.94336615760669,130,-3.1902303465155923,55.943595970939626,sculpture.shot.melon
40,-3.1902303465155923,55.943595970939626,120,-3.1903803465155924,55.94385577856076,pump.wheels.hulk
41,-3.1903803465155924,55.94385577856076,300,-3.1902303465155923,55.943595970939626,null
42,-3.1902303465155923,55.943595970939626,290,-3.1901277404725947,55.94331406315339,null
43,-3.1901277404725947,55.94331406315339,300,-3.1899777404725946,55.94305425553225,second.launch.miles
44,-3.1899777404725946,55.94305425553225,180,-3.190277740472595,55.94305425553225,null
45,-3.190277740472595,55.94305425553225,180,-3.190577740472595,55.94305425553225,relate.chill.vest
46,-3.190577740472595,55.94305425553225,130,-3.190770576755501,55.94328406886519,null
47,-3.190770576755501,55.94328406886519,130,-3.1909634130384066,55.943513882198125,loaf.cheer.slave
48,-3.1909634130384066,55.943513882198125,110,-3.191066019081404,55.943795789984364,spicy.bunch.shady
49,-3.191066019081404,55.943795789984364,20,-3.1907841112951685,55.943898396027365,null
50,-3.1907841112951685,55.943898396027365,20,-3.1905022035089328,55.944001002070365,null
51,-3.1905022035089328,55.944001002070365,20,-3.190220295722697,55.944103608113366,null
52,-3.190220295722697,55.944103608113366,20,-3.1899383879364613,55.94420621415637,null
53,-3.1899383879364613,55.94420621415637,20,-3.1896564801502256,55.94430882019937,null
54,-3.1896564801502256,55.94430882019937,20,-3.18937457236399,55.94441142624237,null
55,-3.18937457236399,55.94441142624237,20,-3.189092664577754,55.94451403228537,null
56,-3.189092664577754,55.94451403228537,20,-3.1888107567915185,55.94461663832837,null
57,-3.1888107567915185,55.94461663832837,10,-3.1885153144656146,55.94466873278167,null
58,-3.1885153144656146,55.94466873278167,20,-3.188233406679379,55.94477133882467,null
59,-3.188233406679379,55.94477133882467,10,-3.187937964353475,55.944823433277975,null
60,-3.187937964353475,55.944823433277975,-40,-3.1877081510205394,55.94463059699507,null
61,-3.1877081510205394,55.94463059699507,-40,-3.1874783376876037,55.94443776071216,null
62,-3.1874783376876037,55.94443776071216,40,-3.187248524354668,55.94463059699507,null
63,-3.187248524354668,55.94463059699507,10,-3.186953082028764,55.94468269144837,null
64,-3.186953082028764,55.94468269144837,20,-3.1866711742425284,55.94478529749137,null
65,-3.1866711742425284,55.94478529749137,40,-3.1864413609095927,55.94497813377428,null
66,-3.1864413609095927,55.94497813377428,150,-3.1867011685307283,55.945128133774276,dragon.bottle.crisp
67,-3.1867011685307283,55.945128133774276,130,-3.186894004813634,55.94535794710721,spent.spoon.bolt
68,-3.186894004813634,55.94535794710721,310,-3.1867011685307283,55.945128133774276,null
69,-3.1867011685307283,55.945128133774276,300,-3.186551168530728,55.94486832615314,null
70,-3.186551168530728,55.94486832615314,310,-3.1863583322478224,55.944638512820205,rated.fired.crowds
71,-3.1863583322478224,55.944638512820205,80,-3.1863062377945224,55.94493395514611,null
72,-3.1863062377945224,55.94493395514611,80,-3.1862541433412224,55.94522939747202,null
73,-3.1862541433412224,55.94522939747202,90,-3.1862541433412224,55.94552939747202,null
74,-3.1862541433412224,55.94552939747202,100,-3.1863062377945224,55.94582483979793,posts.kicked.universally
75,-3.1863062377945224,55.94582483979793,20,-3.1860243300082867,55.94592744584093,null
76,-3.1860243300082867,55.94592744584093,30,-3.185764522387151,55.94607744584093,renew.slows.basket
77,-3.185764522387151,55.94607744584093,260,-3.185816616840451,55.94578200351502,null
78,-3.185816616840451,55.94578200351502,280,-3.185764522387151,55.945486561189114,null
79,-3.185764522387151,55.945486561189114,270,-3.185764522387151,55.94518656118911,null
80,-3.185764522387151,55.94518656118911,280,-3.185712427933851,55.944891118863204,null
81,-3.185712427933851,55.944891118863204,260,-3.185764522387151,55.9445956765373,null
82,-3.185764522387151,55.9445956765373,290,-3.1856619163441535,55.94431376875106,atoms.vanish.foods
83,-3.1856619163441535,55.94431376875106,30,-3.185402108723018,55.944463768751056,null
84,-3.185402108723018,55.944463768751056,30,-3.1851423011018825,55.944613768751054,null
85,-3.1851423011018825,55.944613768751054,30,-3.184882493480747,55.94476376875105,slide.leads.stores
86,-3.184882493480747,55.94476376875105,20,-3.184600585694511,55.94486637479405,sports.topic.clocks
87,-3.184600585694511,55.94486637479405,80,-3.184548491241211,55.94516181711996,settle.title.united
88,-3.184548491241211,55.94516181711996,260,-3.184600585694511,55.94486637479405,null
89,-3.184600585694511,55.94486637479405,260,-3.184652680147811,55.944570932468146,null
90,-3.184652680147811,55.944570932468146,260,-3.1847047746011112,55.94427549014224,null
91,-3.1847047746011112,55.94427549014224,280,-3.184652680147811,55.94398004781633,rider.mile.lime
92,-3.184652680147811,55.94398004781633,170,-3.184948122473715,55.944032142269634,null
93,-3.184948122473715,55.944032142269634,170,-3.185243564799619,55.94408423672294,null
94,-3.185243564799619,55.94408423672294,170,-3.1855390071255227,55.94413633117624,null
95,-3.1855390071255227,55.94413633117624,170,-3.1858344494514266,55.94418842562954,null
96,-3.1858344494514266,55.94418842562954,170,-3.1861298917773304,55.94424052008284,null
97,-3.1861298917773304,55.94424052008284,110,-3.186232497820328,55.94452242786908,null
98,-3.186232497820328,55.94452242786908,160,-3.1865144056065637,55.94462503391208,null
99,-3.1865144056065637,55.94462503391208,180,-3.186814405606564,55.94462503391208,null
100,-3.186814405606564,55.94462503391208,180,-3.187114405606564,55.94462503391208,null
101,-3.187114405606564,55.94462503391208,20,-3.1868324978203284,55.94472763995508,null
102,-3.1868324978203284,55.94472763995508,20,-3.1865505900340927,55.944830245998084,null
103,-3.1865505900340927,55.944830245998084,100,-3.1866026844873927,55.94512568832399,null
104,-3.1866026844873927,55.94512568832399,150,-3.1868624921085282,55.94527568832399,null
105,-3.1868624921085282,55.94527568832399,130,-3.187055328391434,55.945505501656925,null
106,-3.187055328391434,55.945505501656925,140,-3.1872851417243697,55.94569833793983,null
107,-3.1872851417243697,55.94569833793983,190,-3.1875805840502736,55.94564624348653,null
108,-3.1875805840502736,55.94564624348653,190,-3.1878760263761774,55.94559414903323,null
109,-3.1878760263761774,55.94559414903323,190,-3.1881714687020812,55.945542054579924,null
110,-3.1881714687020812,55.945542054579924,190,-3.188466911027985,55.94548996012662,null
111,-3.188466911027985,55.94548996012662,190,-3.188762353353889,55.94543786567332,null
112,-3.188762353353889,55.94543786567332,190,-3.1890577956797928,55.94538577122002,null
113,-3.1890577956797928,55.94538577122002,190,-3.1893532380056966,55.945333676766715,null
114,-3.1893532380056966,55.945333676766715,190,-3.1896486803316004,55.94528158231341,null
115,-3.1896486803316004,55.94528158231341,190,-3.1899441226575043,55.94522948786011,null
116,-3.1899441226575043,55.94522948786011,190,-3.190239564983408,55.94517739340681,null
117,-3.190239564983408,55.94517739340681,190,-3.190535007309312,55.945125298953506,null
118,-3.190535007309312,55.945125298953506,200,-3.1908169150955477,55.945022692910506,null
119,-3.1908169150955477,55.945022692910506,190,-3.1911123574214515,55.9449705984572,shapes.sheep.nature
120,-3.1911123574214515,55.9449705984572,90,-3.1911123574214515,55.945270598457206,null
121,-3.1911123574214515,55.945270598457206,90,-3.1911123574214515,55.94557059845721,null
122,-3.1911123574214515,55.94557059845721,100,-3.1911644518747515,55.945866040783116,simple.rust.audio
123,-3.1911644518747515,55.945866040783116,330,-3.190904644253616,55.94571604078312,null
124,-3.190904644253616,55.94571604078312,330,-3.1906448366324804,55.94556604078312,null
125,-3.1906448366324804,55.94556604078312,330,-3.190385029011345,55.94541604078312,null
126,-3.190385029011345,55.94541604078312,330,-3.1901252213902094,55.945266040783125,null
127,-3.1901252213902094,55.945266040783125,330,-3.189865413769074,55.94511604078313,null
128,-3.189865413769074,55.94511604078313,330,-3.1896056061479383,55.94496604078313,null
129,-3.1896056061479383,55.94496604078313,330,-3.1893457985268028,55.94481604078313,null
130,-3.1893457985268028,55.94481604078313,330,-3.1890859909056672,55.94466604078313,null
131,-3.1890859909056672,55.94466604078313,340,-3.1888040831194315,55.94456343474013,null
132,-3.1888040831194315,55.94456343474013,330,-3.188544275498296,55.944413434740135,null
133,-3.188544275498296,55.944413434740135,340,-3.1882623677120603,55.944310828697134,null
134,-3.1882623677120603,55.944310828697134,330,-3.1880025600909248,55.944160828697136,null
135,-3.1880025600909248,55.944160828697136,340,-3.187720652304689,55.944058222654135,null
136,-3.187720652304689,55.944058222654135,330,-3.1874608446835535,55.94390822265414,null
137,-3.1874608446835535,55.94390822265414,340,-3.187178936897318,55.94380561661114,null
138,-3.187178936897318,55.94380561661114,330,-3.1869191292761823,55.94365561661114,null
139,-3.1869191292761823,55.94365561661114,340,-3.1866372214899465,55.94355301056814,null
140,-3.1866372214899465,55.94355301056814,330,-3.186377413868811,55.94340301056814,null
141,-3.186377413868811,55.94340301056814,340,-3.1860955060825753,55.94330040452514,null
142,-3.1860955060825753,55.94330040452514,330,-3.1858356984614398,55.94315040452514,null
143,-3.1858356984614398,55.94315040452514,340,-3.185553790675204,55.94304779848214,toned.deflection.bland
144,-3.185553790675204,55.94304779848214,140,-3.1857836040081398,55.94324063476505,null
145,-3.1857836040081398,55.94324063476505,140,-3.1860134173410755,55.94343347104795,null
146,-3.1860134173410755,55.94343347104795,140,-3.186243230674011,55.94362630733086,null
147,-3.186243230674011,55.94362630733086,140,-3.186473044006947,55.943819143613766,null
148,-3.186473044006947,55.943819143613766,140,-3.1867028573398826,55.94401197989667,null
149,-3.1867028573398826,55.94401197989667,20,-3.186420949553647,55.94411458593967,null
150,-3.186420949553647,55.94411458593967,10,-3.186125507227743,55.944166680392975,null
