1,-3.188396,55.944425,340,-3.1881140922137643,55.944322393957,null
2,-3.1881140922137643,55.944322393957,340,-3.1878321844275286,55.944219787914,thank.salsa.brain
3,-3.1878321844275286,55.944219787914,340,-3.187550276641293,55.944117181871,null
4,-3.187550276641293,55.944117181871,350,-3.187254834315389,55.9440650874177,null
5,-3.187254834315389,55.9440650874177,340,-3.1869729265291533,55.9439624813747,null
6,-3.1869729265291533,55.9439624813747,350,-3.1866774842032495,55.943910386921395,null
7,-3.1866774842032495,55.943910386921395,340,-3.1863955764170138,55.943807780878394,null
8,-3.1863955764170138,55.943807780878394,350,-3.18610013409111,55.94375568642509,null
9,-3.18610013409111,55.94375568642509,340,-3.185818226304874,55.94365308038209,null
10,-3.185818226304874,55.94365308038209,350,-3.1855227839789704,55.94360098592879,null
11,-3.1855227839789704,55.94360098592879,340,-3.1852408761927347,55.94349837988579,null
12,-3.1852408761927347,55.94349837988579,350,-3.184945433866831,55.943446285432486,sentences.sings.modern
13,-3.184945433866831,55.943446285432486,140,-3.1851752471997665,55.94363912171539,hello.love.keys
14,-3.1851752471997665,55.94363912171539,140,-3.1854050605327022,55.9438319579983,manliness.poem.cliff
15,-3.1854050605327022,55.9438319579983,120,-3.1855550605327023,55.94409176561943,null
16,-3.1855550605327023,55.94409176561943,110,-3.1856576665757,55.94437367340567,atoms.vanish.foods
17,-3.1856576665757,55.94437367340567,30,-3.1853978589545644,55.94452367340567,acid.chair.butter
18,-3.1853978589545644,55.94452367340567,180,-3.1856978589545646,55.94452367340567,null
19,-3.1856978589545646,55.94452367340567,180,-3.1859978589545648,55.94452367340567,null
20,-3.1859978589545648,55.94452367340567,180,-3.186297858954565,55.94452367340567,rated.fired.crowds
21,-3.186297858954565,55.94452367340567,150,-3.1865576665757005,55.94467367340567,null
22,-3.1865576665757005,55.94467367340567,190,-3.1868531089016043,55.944621578952365,artist.gets.react
23,-3.1868531089016043,55.944621578952365,200,-3.18713501668784,55.944518972909364,only.fairly.rift
24,-3.18713501668784,55.944518972909364,40,-3.1869052033549043,55.94471180919227,null
25,-3.1869052033549043,55.94471180919227,20,-3.1866232955686686,55.94481441523527,null
26,-3.1866232955686686,55.94481441523527,40,-3.186393482235733,55.94500725151818,null
27,-3.186393482235733,55.94500725151818,170,-3.1866889245616368,55.94505934597148,null
28,-3.1866889245616368,55.94505934597148,130,-3.1868817608445426,55.945289159304416,null
29,-3.1868817608445426,55.945289159304416,130,-3.1870745971274483,55.94551897263735,null
30,-3.1870745971274483,55.94551897263735,130,-3.187267433410354,55.94574878597029,diner.leaves.mutual
31,-3.187267433410354,55.94574878597029,230,-3.18746026969326,55.94551897263735,null
32,-3.18746026969326,55.94551897263735,190,-3.1877557120191637,55.94546687818405,null
33,-3.1877557120191637,55.94546687818405,180,-3.188055712019164,55.94546687818405,null
34,-3.188055712019164,55.94546687818405,240,-3.188205712019164,55.945207070562915,null
35,-3.188205712019164,55.945207070562915,310,-3.1880128757362582,55.94497725722998,agents.mile.crib
36,-3.1880128757362582,55.94497725722998,260,-3.1880649701895583,55.94468181490407,null
37,-3.1880649701895583,55.94468181490407,270,-3.1880649701895583,55.94438181490407,null
38,-3.1880649701895583,55.94438181490407,260,-3.1881170646428583,55.94408637257816,null
39,-3.1881170646428583,55.94408637257816,270,-3.1881170646428583,55.94378637257816,cubs.trucks.help
40,-3.1881170646428583,55.94378637257816,300,-3.187967064642858,55.943526564957025,null
41,-3.187967064642858,55.943526564957025,290,-3.1878644585998606,55.94324465717079,gums.clock.modes
42,-3.1878644585998606,55.94324465717079,150,-3.188124266220996,55.943394657170785,null
43,-3.188124266220996,55.943394657170785,150,-3.1883840738421316,55.94354465717078,null
44,-3.1883840738421316,55.94354465717078,150,-3.188643881463267,55.94369465717078,null
45,-3.188643881463267,55.94369465717078,140,-3.188873694796203,55.94388749345369,noted.friday.jams
46,-3.188873694796203,55.94388749345369,190,-3.1891691371221067,55.943835399000385,null
47,-3.1891691371221067,55.943835399000385,180,-3.189469137122107,55.943835399000385,burn.spot.across
48,-3.189469137122107,55.943835399000385,210,-3.1897289447432424,55.94368539900039,null
49,-3.1897289447432424,55.94368539900039,210,-3.189988752364378,55.94353539900039,null
50,-3.189988752364378,55.94353539900039,200,-3.1902706601506137,55.94343279295739,arts.dish.scarcely
51,-3.1902706601506137,55.94343279295739,310,-3.190077823867708,55.94320297962445,shows.fries.lamp
52,-3.190077823867708,55.94320297962445,300,-3.189927823867708,55.94294317200332,null
53,-3.189927823867708,55.94294317200332,300,-3.1897778238677077,55.942683364382184,hooked.shine.third
54,-3.1897778238677077,55.942683364382184,120,-3.189927823867708,55.94294317200332,null
55,-3.189927823867708,55.94294317200332,120,-3.190077823867708,55.94320297962445,null
56,-3.190077823867708,55.94320297962445,110,-3.1901804299107055,55.94348488741069,null
57,-3.1901804299107055,55.94348488741069,120,-3.1903304299107056,55.943744695031825,null
58,-3.1903304299107056,55.943744695031825,110,-3.190433035953703,55.94402660281806,pump.wheels.hulk
59,-3.190433035953703,55.94402660281806,350,-3.1901375936277994,55.94397450836476,null
60,-3.1901375936277994,55.94397450836476,350,-3.1898421513018955,55.94392241391146,null
61,-3.1898421513018955,55.94392241391146,350,-3.1895467089759917,55.943870319458156,null
62,-3.1895467089759917,55.943870319458156,350,-3.189251266650088,55.943818225004854,null
63,-3.189251266650088,55.943818225004854,350,-3.188955824324184,55.94376613055155,null
64,-3.188955824324184,55.94376613055155,350,-3.18866038199828,55.94371403609825,null
65,-3.18866038199828,55.94371403609825,350,-3.1883649396723763,55.94366194164495,null
66,-3.1883649396723763,55.94366194164495,350,-3.1880694973464725,55.943609847191645,null
67,-3.1880694973464725,55.943609847191645,350,-3.1877740550205687,55.94355775273834,null
68,-3.1877740550205687,55.94355775273834,350,-3.187478612694665,55.94350565828504,null
69,-3.187478612694665,55.94350565828504,350,-3.187183170368761,55.94345356383174,null
70,-3.187183170368761,55.94345356383174,350,-3.186887728042857,55.943401469378436,null
71,-3.186887728042857,55.943401469378436,320,-3.1866579147099214,55.94320863309553,null
72,-3.1866579147099214,55.94320863309553,300,-3.1865079147099213,55.942948825474396,hers.banks.goat
73,-3.1865079147099213,55.942948825474396,10,-3.1862124723840175,55.9430009199277,null
74,-3.1862124723840175,55.9430009199277,10,-3.1859170300581137,55.943053014381,null
75,-3.1859170300581137,55.943053014381,0,-3.1856170300581135,55.943053014381,toned.deflection.bland
76,-3.1856170300581135,55.943053014381,190,-3.1859124723840173,55.9430009199277,null
77,-3.1859124723840173,55.9430009199277,190,-3.186207914709921,55.942948825474396,null
78,-3.186207914709921,55.942948825474396,190,-3.186503357035825,55.942896731021094,null
79,-3.186503357035825,55.942896731021094,180,-3.186803357035825,55.942896731021094,null
80,-3.186803357035825,55.942896731021094,190,-3.187098799361729,55.94284463656779,valve.elaborate.fortunate
81,-3.187098799361729,55.94284463656779,120,-3.187248799361729,55.943104444188926,null
82,-3.187248799361729,55.943104444188926,110,-3.1873514054047267,55.943386351975164,null
83,-3.1873514054047267,55.943386351975164,120,-3.187501405404727,55.9436461595963,null
84,-3.187501405404727,55.9436461595963,110,-3.1876040114477244,55.94392806738254,null
85,-3.1876040114477244,55.94392806738254,120,-3.1877540114477245,55.94418787500367,null
86,-3.1877540114477245,55.94418787500367,110,-3.187856617490722,55.94446978278991,null
87,-3.187856617490722,55.94446978278991,120,-3.1880066174907222,55.94472959041104,null
88,-3.1880066174907222,55.94472959041104,110,-3.18810922353372,55.94501149819728,null
89,-3.18810922353372,55.94501149819728,120,-3.18825922353372,55.945271305818416,null
90,-3.18825922353372,55.945271305818416,110,-3.1883618295767175,55.945553213604654,null
91,-3.1883618295767175,55.945553213604654,120,-3.1885118295767176,55.94581302122579,bend.tubes.chops
92,-3.1885118295767176,55.94581302122579,190,-3.1888072719026215,55.945760926772486,null
93,-3.1888072719026215,55.945760926772486,190,-3.1891027142285253,55.945708832319184,null
94,-3.1891027142285253,55.945708832319184,190,-3.189398156554429,55.94565673786588,museum.spicy.horns
95,-3.189398156554429,55.94565673786588,90,-3.189398156554429,55.945956737865885,coherent.saints.stuck
96,-3.189398156554429,55.945956737865885,230,-3.189590992837335,55.94572692453295,null
97,-3.189590992837335,55.94572692453295,220,-3.1898208061702706,55.94553408825004,turkey.limit.ramp
98,-3.1898208061702706,55.94553408825004,190,-3.1901162484961745,55.94548199379674,null
99,-3.1901162484961745,55.94548199379674,200,-3.19039815628241,55.94537938775374,jump.crop.fits
100,-3.19039815628241,55.94537938775374,190,-3.190693598608314,55.94532729330044,null
101,-3.190693598608314,55.94532729330044,190,-3.190989040934218,55.945275198847135,maple.limit.hotels
102,-3.190989040934218,55.945275198847135,260,-3.191041135387518,55.94497975652123,shapes.sheep.nature
103,-3.191041135387518,55.94497975652123,110,-3.1911437414305155,55.945261664307466,null
104,-3.1911437414305155,55.945261664307466,110,-3.191246347473513,55.945543572093705,skins.engage.best
105,-3.191246347473513,55.945543572093705,200,-3.191528255259749,55.945440966050704,null
106,-3.191528255259749,55.945440966050704,210,-3.1917880628808843,55.945290966050706,null
107,-3.1917880628808843,55.945290966050706,200,-3.19206997066712,55.945188360007705,useful.hike.trades
108,-3.19206997066712,55.945188360007705,290,-3.1919673646241224,55.94490645222147,null
109,-3.1919673646241224,55.94490645222147,290,-3.191864758581125,55.94462454443523,null
110,-3.191864758581125,55.94462454443523,290,-3.1917621525381272,55.94434263664899,null
111,-3.1917621525381272,55.94434263664899,290,-3.1916595464951296,55.94406072886275,null
112,-3.1916595464951296,55.94406072886275,290,-3.191556940452132,55.94377882107651,null
113,-3.191556940452132,55.94377882107651,290,-3.1914543344091344,55.943496913290275,null
114,-3.1914543344091344,55.943496913290275,290,-3.191351728366137,55.94321500550404,null
115,-3.191351728366137,55.94321500550404,290,-3.191249122323139,55.9429330977178,null
116,-3.191249122323139,55.9429330977178,290,-3.1911465162801416,55.94265118993156,along.spill.limp
117,-3.1911465162801416,55.94265118993156,30,-3.190886708659006,55.94280118993156,null
118,-3.190886708659006,55.94280118993156,30,-3.1906269010378705,55.942951189931556,null
119,-3.1906269010378705,55.942951189931556,30,-3.190367093416735,55.943101189931554,null
120,-3.190367093416735,55.943101189931554,30,-3.1901072857955994,55.94325118993155,null
121,-3.1901072857955994,55.94325118993155,30,-3.189847478174464,55.94340118993155,null
122,-3.189847478174464,55.94340118993155,30,-3.1895876705533284,55.94355118993155,null
123,-3.1895876705533284,55.94355118993155,30,-3.189327862932193,55.943701189931545,null
124,-3.189327862932193,55.943701189931545,30,-3.1890680553110573,55.94385118993154,null
125,-3.1890680553110573,55.94385118993154,30,-3.1888082476899218,55.94400118993154,null
126,-3.1888082476899218,55.94400118993154,30,-3.1885484400687862,55.94415118993154,null
127,-3.1885484400687862,55.94415118993154,30,-3.1882886324476507,55.94430118993154,null
128,-3.1882886324476507,55.94430118993154,30,-3.188028824826515,55.944451189931534,null
129,-3.188028824826515,55.944451189931534,30,-3.1877690172053796,55.94460118993153,null
130,-3.1877690172053796,55.94460118993153,-10,-3.187473574879476,55.94454909547823,null
131,-3.187473574879476,55.94454909547823,20,-3.18719166709324,55.94465170152123,null
132,-3.18719166709324,55.94465170152123,10,-3.1868962247673362,55.94470379597453,null
133,-3.1868962247673362,55.94470379597453,30,-3.1866364171462007,55.94485379597453,null
134,-3.1866364171462007,55.94485379597453,10,-3.186340974820297,55.94490589042783,null
135,-3.186340974820297,55.94490589042783,50,-3.186148138537391,55.94513570376077,null
136,-3.186148138537391,55.94513570376077,50,-3.1859553022544853,55.945365517093705,null
137,-3.1859553022544853,55.945365517093705,50,-3.1857624659715795,55.94559533042664,null
138,-3.1857624659715795,55.94559533042664,50,-3.1855696296886737,55.94582514375958,null
139,-3.1855696296886737,55.94582514375958,50,-3.185376793405768,55.946054957092514,prime.rent.silk
140,-3.185376793405768,55.946054957092514,210,-3.1856366010269035,55.945904957092516,null
141,-3.1856366010269035,55.945904957092516,210,-3.185896408648039,55.94575495709252,null
142,-3.185896408648039,55.94575495709252,210,-3.1861562162691746,55.94560495709252,null
143,-3.1861562162691746,55.94560495709252,210,-3.18641602389031,55.94545495709252,null
144,-3.18641602389031,55.94545495709252,210,-3.1866758315114456,55.945304957092524,null
145,-3.1866758315114456,55.945304957092524,160,-3.1869577392976813,55.945407563135525,null
146,-3.1869577392976813,55.945407563135525,130,-3.187150575580587,55.94563737646846,null
147,-3.187150575580587,55.94563737646846,200,-3.187432483366823,55.94553477042546,null
148,-3.187432483366823,55.94553477042546,190,-3.1877279256927267,55.94548267597216,null
149,-3.1877279256927267,55.94548267597216,190,-3.1880233680186305,55.945430581518856,null
150,-3.1880233680186305,55.945430581518856,190,-3.1883188103445343,55.945378487065554,null
