1,-3.188396,55.944425,260,-3.1884480944533,55.944129557674096,trades.rare.cable
2,-3.1884480944533,55.944129557674096,310,-3.1882552581703942,55.94389974434116,cubs.trucks.help
3,-3.1882552581703942,55.94389974434116,160,-3.18853716595663,55.94400235038416,null
4,-3.18853716595663,55.94400235038416,160,-3.1888190737428657,55.94410495642716,null
5,-3.1888190737428657,55.94410495642716,160,-3.1891009815291014,55.94420756247016,spoon.invest.every
6,-3.1891009815291014,55.94420756247016,220,-3.189330794862037,55.944014726187255,null
7,-3.189330794862037,55.944014726187255,210,-3.1895906024831726,55.94386472618726,burn.spot.across
8,-3.1895906024831726,55.94386472618726,280,-3.1895385080298726,55.94356928386135,cars.attend.hotels
9,-3.1895385080298726,55.94356928386135,10,-3.1892430657039688,55.94362137831465,null
10,-3.1892430657039688,55.94362137831465,10,-3.188947623378065,55.943673472767955,labels.hotels.alert
11,-3.188947623378065,55.943673472767955,300,-3.188797623378065,55.94341366514682,null
12,-3.188797623378065,55.94341366514682,300,-3.1886476233780647,55.94315385752569,groups.ideas.script
13,-3.1886476233780647,55.94315385752569,160,-3.1889295311643004,55.94325646356869,null
14,-3.1889295311643004,55.94325646356869,160,-3.189211438950536,55.94335906961169,null
15,-3.189211438950536,55.94335906961169,160,-3.189493346736772,55.94346167565469,null
16,-3.189493346736772,55.94346167565469,160,-3.1897752545230076,55.94356428169769,null
17,-3.1897752545230076,55.94356428169769,160,-3.1900571623092433,55.94366688774069,null
18,-3.1900571623092433,55.94366688774069,170,-3.190352604635147,55.94371898219399,sculpture.shot.melon
19,-3.190352604635147,55.94371898219399,300,-3.190202604635147,55.94345917457286,null
20,-3.190202604635147,55.94345917457286,300,-3.190052604635147,55.943199366951724,null
21,-3.190052604635147,55.943199366951724,300,-3.189902604635147,55.94293955933059,second.launch.miles
22,-3.189902604635147,55.94293955933059,60,-3.1897526046351468,55.943199366951724,null
23,-3.1897526046351468,55.943199366951724,60,-3.1896026046351467,55.94345917457286,null
24,-3.1896026046351467,55.94345917457286,60,-3.1894526046351466,55.94371898219399,null
25,-3.1894526046351466,55.94371898219399,60,-3.1893026046351465,55.94397878981513,null
26,-3.1893026046351465,55.94397878981513,60,-3.1891526046351464,55.94423859743626,null
27,-3.1891526046351464,55.94423859743626,60,-3.1890026046351463,55.944498405057395,null
28,-3.1890026046351463,55.944498405057395,70,-3.1888999985921487,55.94478031284363,null
29,-3.1888999985921487,55.94478031284363,60,-3.1887499985921486,55.94504012046477,rooms.lamp.teach
30,-3.1887499985921486,55.94504012046477,70,-3.188647392549151,55.945322028251006,null
31,-3.188647392549151,55.945322028251006,70,-3.1885447865061534,55.945603936037244,bend.tubes.chops
32,-3.1885447865061534,55.945603936037244,210,-3.188804594127289,55.94545393603725,null
33,-3.188804594127289,55.94545393603725,210,-3.1890644017484244,55.94530393603725,null
34,-3.1890644017484244,55.94530393603725,210,-3.18932420936956,55.94515393603725,null
35,-3.18932420936956,55.94515393603725,210,-3.1895840169906955,55.94500393603725,null
36,-3.1895840169906955,55.94500393603725,210,-3.189843824611831,55.944853936037255,null
37,-3.189843824611831,55.944853936037255,210,-3.1901036322329666,55.94470393603726,null
38,-3.1901036322329666,55.94470393603726,210,-3.190363439854102,55.94455393603726,null
39,-3.190363439854102,55.94455393603726,210,-3.1906232474752376,55.94440393603726,null
40,-3.1906232474752376,55.94440393603726,210,-3.190883055096373,55.94425393603726,null
41,-3.190883055096373,55.94425393603726,200,-3.191164962882609,55.94415132999426,hills.giant.crate
42,-3.191164962882609,55.94415132999426,80,-3.191112868429309,55.94444677232017,null
43,-3.191112868429309,55.94444677232017,80,-3.191060773976009,55.94474221464608,estate.gave.votes
44,-3.191060773976009,55.94474221464608,10,-3.190765331650105,55.94479430909938,null
45,-3.190765331650105,55.94479430909938,10,-3.190469889324201,55.94484640355268,null
46,-3.190469889324201,55.94484640355268,10,-3.1901744469982973,55.94489849800598,null
47,-3.1901744469982973,55.94489849800598,10,-3.1898790046723935,55.944950592459286,null
48,-3.1898790046723935,55.944950592459286,20,-3.189597096886158,55.945053198502286,null
49,-3.189597096886158,55.945053198502286,10,-3.189301654560254,55.94510529295559,null
50,-3.189301654560254,55.94510529295559,20,-3.1890197467740182,55.94520789899859,null
51,-3.1890197467740182,55.94520789899859,10,-3.1887243044481144,55.94525999345189,null
52,-3.1887243044481144,55.94525999345189,20,-3.1884423966618787,55.94536259949489,null
53,-3.1884423966618787,55.94536259949489,10,-3.188146954335975,55.945414693948194,null
54,-3.188146954335975,55.945414693948194,20,-3.187865046549739,55.945517299991195,null
55,-3.187865046549739,55.945517299991195,10,-3.1875696042238353,55.9455693944445,null
56,-3.1875696042238353,55.9455693944445,20,-3.1872876964375996,55.9456720004875,diner.leaves.mutual
57,-3.1872876964375996,55.9456720004875,330,-3.187027888816464,55.9455220004875,spent.spoon.bolt
58,-3.187027888816464,55.9455220004875,20,-3.1867459810302283,55.9456246065305,hidden.handle.softly
59,-3.1867459810302283,55.9456246065305,260,-3.1867980754835283,55.945329164204594,dragon.bottle.crisp
60,-3.1867980754835283,55.945329164204594,140,-3.187027888816464,55.9455220004875,null
61,-3.187027888816464,55.9455220004875,150,-3.1872876964375996,55.9456720004875,null
62,-3.1872876964375996,55.9456720004875,210,-3.187547504058735,55.9455220004875,null
63,-3.187547504058735,55.9455220004875,190,-3.187842946384639,55.9454699060342,null
64,-3.187842946384639,55.9454699060342,190,-3.188138388710543,55.945417811580896,null
65,-3.188138388710543,55.945417811580896,300,-3.1879883887105427,55.94515800395976,null
66,-3.1879883887105427,55.94515800395976,300,-3.1878383887105426,55.94489819633863,null
67,-3.1878383887105426,55.94489819633863,300,-3.1876883887105425,55.94463838871749,null
68,-3.1876883887105425,55.94463838871749,310,-3.1874955524276367,55.94440857538456,null
69,-3.1874955524276367,55.94440857538456,10,-3.187200110101733,55.94446066983786,null
70,-3.187200110101733,55.94446066983786,-60,-3.187050110101733,55.944200862216725,null
71,-3.187050110101733,55.944200862216725,-50,-3.186857273818827,55.94397104888379,null
72,-3.186857273818827,55.94397104888379,20,-3.1865753660325913,55.94407365492679,null
73,-3.1865753660325913,55.94407365492679,10,-3.1862799237066874,55.94412574938009,null
74,-3.1862799237066874,55.94412574938009,80,-3.1862278292533874,55.944421191706,null
75,-3.1862278292533874,55.944421191706,70,-3.18612522321039,55.94470309949224,null
76,-3.18612522321039,55.94470309949224,190,-3.1864206655362937,55.944651005038935,rated.fired.crowds
77,-3.1864206655362937,55.944651005038935,190,-3.1867161078621975,55.94459891058563,artist.gets.react
78,-3.1867161078621975,55.94459891058563,190,-3.1870115501881013,55.94454681613233,null
79,-3.1870115501881013,55.94454681613233,190,-3.187306992514005,55.94449472167903,null
80,-3.187306992514005,55.94449472167903,310,-3.1871141562310994,55.94426490834609,null
81,-3.1871141562310994,55.94426490834609,310,-3.1869213199481936,55.944035095013156,null
82,-3.1869213199481936,55.944035095013156,10,-3.1866258776222898,55.94408718946646,null
83,-3.1866258776222898,55.94408718946646,0,-3.1863258776222896,55.94408718946646,null
84,-3.1863258776222896,55.94408718946646,40,-3.186096064289354,55.944280025749364,organs.shape.fantastic
85,-3.186096064289354,55.944280025749364,290,-3.1859934582463563,55.943998117963126,null
86,-3.1859934582463563,55.943998117963126,290,-3.1858908522033587,55.94371621017689,record.sofa.sock
87,-3.1858908522033587,55.94371621017689,290,-3.185788246160361,55.94343430239065,null
88,-3.185788246160361,55.94343430239065,290,-3.1856856401173634,55.94315239460441,toned.deflection.bland
89,-3.1856856401173634,55.94315239460441,290,-3.185583034074366,55.94287048681817,dent.shins.cycle
90,-3.185583034074366,55.94287048681817,60,-3.1854330340743657,55.94313029443931,null
91,-3.1854330340743657,55.94313029443931,60,-3.1852830340743656,55.94339010206044,null
92,-3.1852830340743656,55.94339010206044,60,-3.1851330340743655,55.943649909681575,hello.love.keys
93,-3.1851330340743655,55.943649909681575,310,-3.1849401977914598,55.94342009634864,sentences.sings.modern
94,-3.1849401977914598,55.94342009634864,300,-3.1847901977914597,55.943160288727505,brings.remedy.latter
95,-3.1847901977914597,55.943160288727505,80,-3.1847381033381597,55.94345573105341,null
96,-3.1847381033381597,55.94345573105341,80,-3.1846860088848596,55.94375117337932,rider.mile.lime
97,-3.1846860088848596,55.94375117337932,120,-3.1848360088848597,55.94401098100045,null
98,-3.1848360088848597,55.94401098100045,120,-3.18498600888486,55.94427078862159,null
99,-3.18498600888486,55.94427078862159,120,-3.18513600888486,55.94453059624272,null
100,-3.18513600888486,55.94453059624272,110,-3.1852386149278575,55.94481250402896,null
101,-3.1852386149278575,55.94481250402896,120,-3.1853886149278576,55.945072311650094,null
102,-3.1853886149278576,55.945072311650094,110,-3.1854912209708552,55.94535421943633,null
103,-3.1854912209708552,55.94535421943633,120,-3.1856412209708553,55.945614027057466,null
104,-3.1856412209708553,55.945614027057466,110,-3.185743827013853,55.945895934843705,renew.slows.basket
105,-3.185743827013853,55.945895934843705,360,-3.1854438270138528,55.945895934843705,null
106,-3.1854438270138528,55.945895934843705,360,-3.1851438270138526,55.945895934843705,rider.aura.bulb
107,-3.1851438270138526,55.945895934843705,320,-3.184914013680917,55.9457030985608,null
108,-3.184914013680917,55.9457030985608,310,-3.184721177398011,55.94547328522786,null
109,-3.184721177398011,55.94547328522786,320,-3.1844913640650754,55.945280448944956,settle.title.united
110,-3.1844913640650754,55.945280448944956,220,-3.184721177398011,55.94508761266205,null
111,-3.184721177398011,55.94508761266205,220,-3.184950990730947,55.944894776379144,null
112,-3.184950990730947,55.944894776379144,220,-3.1851808040638825,55.94470194009624,null
113,-3.1851808040638825,55.94470194009624,220,-3.185410617396818,55.94450910381333,null
114,-3.185410617396818,55.94450910381333,230,-3.185603453679724,55.944279290480395,null
115,-3.185603453679724,55.944279290480395,220,-3.1858332670126597,55.94408645419749,null
116,-3.1858332670126597,55.94408645419749,230,-3.1860261032955655,55.94385664086455,null
117,-3.1860261032955655,55.94385664086455,220,-3.186255916628501,55.94366380458165,null
118,-3.186255916628501,55.94366380458165,230,-3.186448752911407,55.94343399124871,null
119,-3.186448752911407,55.94343399124871,190,-3.186744195237311,55.94338189679541,null
120,-3.186744195237311,55.94338189679541,240,-3.186894195237311,55.943122089174274,null
121,-3.186894195237311,55.943122089174274,240,-3.187044195237311,55.94286228155314,valve.elaborate.fortunate
122,-3.187044195237311,55.94286228155314,130,-3.1872370315202168,55.943092094886076,null
123,-3.1872370315202168,55.943092094886076,130,-3.1874298678031225,55.94332190821901,null
124,-3.1874298678031225,55.94332190821901,130,-3.1876227040860283,55.94355172155195,null
125,-3.1876227040860283,55.94355172155195,130,-3.187815540368934,55.943781534884884,null
126,-3.187815540368934,55.943781534884884,130,-3.18800837665184,55.94401134821782,null
127,-3.18800837665184,55.94401134821782,130,-3.1882012129347457,55.94424116155076,null
128,-3.1882012129347457,55.94424116155076,130,-3.1883940492176515,55.94447097488369,null
129,-3.1883940492176515,55.94447097488369,140,-3.188623862550587,55.9446638111666,null
130,-3.188623862550587,55.9446638111666,130,-3.188816698833493,55.944893624499535,null
131,-3.188816698833493,55.944893624499535,140,-3.1890465121664286,55.94508646078244,null
132,-3.1890465121664286,55.94508646078244,130,-3.1892393484493344,55.94531627411538,null
133,-3.1892393484493344,55.94531627411538,140,-3.18946916178227,55.945509110398284,null
134,-3.18946916178227,55.945509110398284,130,-3.189661998065176,55.94573892373122,null
135,-3.189661998065176,55.94573892373122,140,-3.1898918113981116,55.945931760014126,love.behind.orchestra
136,-3.1898918113981116,55.945931760014126,250,-3.1899944174411092,55.94564985222789,null
137,-3.1899944174411092,55.94564985222789,250,-3.190097023484107,55.94536794444165,null
138,-3.190097023484107,55.94536794444165,250,-3.1901996295271045,55.94508603665541,null
139,-3.1901996295271045,55.94508603665541,250,-3.190302235570102,55.94480412886917,null
140,-3.190302235570102,55.94480412886917,250,-3.1904048416130997,55.944522221082934,null
141,-3.1904048416130997,55.944522221082934,250,-3.1905074476560973,55.944240313296696,null
142,-3.1905074476560973,55.944240313296696,250,-3.190610053699095,55.94395840551046,null
143,-3.190610053699095,55.94395840551046,250,-3.1907126597420925,55.94367649772422,null
144,-3.1907126597420925,55.94367649772422,240,-3.1908626597420926,55.943416690103085,null
145,-3.1908626597420926,55.943416690103085,250,-3.19096526578509,55.94313478231685,null
146,-3.19096526578509,55.94313478231685,240,-3.1911152657850903,55.94287497469571,along.spill.limp
147,-3.1911152657850903,55.94287497469571,30,-3.1908554581639548,55.94302497469571,null
148,-3.1908554581639548,55.94302497469571,30,-3.1905956505428192,55.94317497469571,null
149,-3.1905956505428192,55.94317497469571,30,-3.1903358429216837,55.943324974695706,null
150,-3.1903358429216837,55.943324974695706,30,-3.190076035300548,55.943474974695704,null
